<?xml version="1.0" encoding="UTF-8" standalone="no"?>
<!-- Created with Inkscape (http://www.inkscape.org/) -->

<svg
   width="220.60793mm"
   height="216.97606mm"
   viewBox="0 0 220.60793 216.97606"
   version="1.1"
   id="svg1"
   xml:space="preserve"
   xmlns="http://www.w3.org/2000/svg"
   xmlns:svg="http://www.w3.org/2000/svg"><defs
     id="defs1" /><g
     id="layer1"
     transform="translate(-11.2595,-33.158121)"><g
       id="g1"
       transform="matrix(0.26458333,0,0,0.26458333,-31.010215,8.3477613)"
       style="display:inline"><g
         id="g17"
         transform="translate(62.602057,-25.904301)"><path
           id="path17"
           style="fill:#ffffff;fill-opacity:1;stroke:none"
           d="m 514.03514,119.67603 c -291.81747,0 -307.9335,0.0917 -316,1.79297 -25.60339,5.39981 -45.64051,16.16482 -64.29492,34.54297 -17.33684,17.0801 -28.30448,36.93156 -34.34766,62.16406 -1.70383,7.1142 -1.81228,22.71666 -2.09179,303.29492 -0.32099,322.2104 -0.61537,304.00618 5.23828,324.20508 3.24663,11.203 10.57145,26.7148 17.51367,37.0918 6.72948,10.059 25.2908,28.61132 34.8125,34.79492 13.99062,9.0859 30.40881,16.16938 44.6543,19.26368 3.85856,0.8381 12.41562,1.86129 19.01562,2.27539 6.6,0.4141 143.39998,0.69786 304,0.63086 275.7359,-0.1155 292.5013,-0.2221 301,-1.9043 52.2067,-10.3335 90.1419,-46.94435 104.8086,-101.15235 l 2.1641,-8 0.2949,-297 c 0.3254,-327.37416 0.7017,-306.34951 -5.8301,-325.8457 -6.561,-19.5832 -15.9484,-34.91072 -30.2637,-49.41602 -18.1007,-18.34096 -38.2643,-29.21238 -64.7988,-34.93359 -7.972,-1.71891 -23.162,-1.80469 -315.875,-1.80469 z" /><path
           id="path3"
           style="display:inline;fill:#3aa8ff;fill-opacity:1"
           d="m 218.53511,939.10246 c -6.6,-0.4141 -15.15701,-1.4387 -19.01557,-2.2768 -14.24549,-3.0943 -30.66412,-10.1767 -44.65474,-19.2626 -9.5217,-6.1836 -28.08318,-24.7353 -34.81266,-34.7943 -6.94222,-10.377 -14.26665,-25.8901 -17.51327,-37.0931 -5.85365,-20.1989 -5.55949,-1.9938 -5.2385,-324.20417 0.27951,-280.57826 0.38708,-296.18156 2.09091,-303.29576 6.04317,-25.2325 17.01236,-45.08428 34.3492,-62.16438 18.65441,-18.37815 38.69124,-29.14314 64.29463,-34.54295 8.0665,-1.70124 24.18255,-1.79266 316.00001,-1.79266 292.713,0 307.9027,0.0868 315.8747,1.80571 26.5345,5.72121 46.6988,16.59146 64.7995,34.93242 14.3153,14.5053 23.7026,29.83356 30.2636,49.41676 6.5318,19.4962 6.1556,-1.5291 5.8302,325.84506 l -0.2953,296.99997 -2.1645,8 c -14.6667,54.208 -52.6015,90.82 -104.8082,101.1535 -8.4987,1.6822 -25.2641,1.7883 -301,1.9038 -160.60001,0.067 -297.40001,-0.2164 -304.00001,-0.6305 z m 373.59211,-104.1415 c 4.9363,-2.9003 7.4033,-5.8826 11.415,-13.7993 3.9371,-7.7695 35.4929,-88.8035 35.4929,-91.1443 0,-0.5097 -4.0498,-0.7891 -9.1198,-0.6292 l -9.1198,0.2875 -9.6116,27.6852 c -5.2864,15.2269 -9.7844,27.5126 -9.9955,27.3015 -0.2111,-0.2111 -4.9886,-12.6695 -10.6167,-27.6853 l -10.2329,-27.3014 -9.1519,-0.2875 c -7.5652,-0.2377 -9.1518,-0.029 -9.1518,1.2008 0,0.8186 6.75,18.3334 15,38.9218 8.25,20.5884 15,38.1755 15,39.0825 0,2.7839 -4.7816,11.2655 -7.6017,13.4838 -2.0751,1.6322 -4.0825,2.0986 -9.0332,2.0986 h -6.3651 v 6.4167 c 0,4.1662 0.4384,6.6142 1.25,6.9799 0.6875,0.3098 4.8914,0.4317 9.3421,0.2709 6.5703,-0.2374 8.921,-0.7794 12.5,-2.8822 z m 75.6801,-16.0693 0.2722,-18.7839 3.2278,2.4311 c 6.956,5.2392 17.1675,6.9136 25.9832,4.2604 17.2174,-5.1816 27.4174,-25.1889 24.7527,-48.5524 -2.1364,-18.7319 -12.3848,-29.7914 -28.5875,-30.8498 -9.5327,-0.6228 -16.7152,1.5253 -22.6924,6.7866 l -4.5974,4.0469 -0.6849,-4.5674 -0.685,-4.5673 -7.6304,0.2899 -7.6305,0.2899 -0.2599,53 c -0.143,29.15 -0.038,53.5801 0.2336,54.2892 0.3631,0.9484 2.811,1.2127 9.2599,1 l 8.7664,-0.2892 z m 8.2349,-27.2536 c -1.921,-0.8635 -4.5085,-2.5243 -5.75,-3.6906 -2.178,-2.0461 -2.2571,-2.7409 -2.2571,-19.8297 v -17.7094 l 3.8693,-3.4956 c 8.1349,-7.3494 17.6378,-7.4932 24.7563,-0.3746 5.2653,5.2652 6.6597,10.2197 6.2139,22.0787 -0.4182,11.1249 -3.0546,17.3493 -9.0208,21.2975 -4.9019,3.2439 -12.742,4.0026 -17.8116,1.7237 z m -342.491,13.6423 c 2.74114,-1.2078 6.64187,-3.5229 8.66828,-5.1447 4.00343,-3.2041 3.76046,-3.3583 5.25256,3.3332 0.61941,2.7778 0.66258,2.7916 7.84295,2.5 l 7.2201,-0.2932 0.30894,-27 c 0.34331,-30.0043 -0.25727,-35.0579 -4.93348,-41.5132 -8.08912,-11.1667 -33.21643,-13.4353 -50.69721,-4.5771 -7.28978,3.694 -7.54615,4.342 -4.00245,10.1176 4.28101,6.9773 4.17858,6.9277 8.46238,4.0996 2.124,-1.4021 6.73606,-3.2837 10.24902,-4.1811 8.74219,-2.2334 14.44913,-1.3095 18.80252,3.0439 2.85594,2.856 3.31028,3.9901 3.31028,8.2634 v 4.9531 l -9.25,0.5759 c -23.53304,1.4653 -37.23493,11.2829 -37.20633,26.6588 0.0185,9.9318 5.10083,17.282 14.3414,20.7407 5.04354,1.8878 15.49685,1.1257 21.63104,-1.5769 z m -12.51611,-12.8004 c -4.4589,-2.2986 -6.61475,-7.9116 -4.96207,-12.9192 1.84565,-5.5924 8.85404,-8.5781 22.71207,-9.6757 l 5.25,-0.4158 v 8.1789 c 0,7.2055 -0.26776,8.4237 -2.25,10.2362 -6.00853,5.4941 -15.10085,7.5078 -20.75,4.5956 z m 461.30671,14.204 c 6.8996,-1.7971 14.5017,-5.5268 17.0794,-8.3794 1.862,-2.0605 1.8382,-2.1569 -1.8593,-7.5254 l -3.7454,-5.4382 -7.0208,3.6674 c -6.4198,3.3534 -7.7221,3.6673 -15.2137,3.6673 -7.2149,0 -8.6772,-0.3204 -12.2488,-2.684 -4.4586,-2.9506 -7.7133,-8.7028 -8.7976,-15.5486 l -0.6704,-4.2327 25.3349,-0.2673 25.335,-0.2674 -0.036,-10.5 c -0.032,-9.3875 -0.3188,-11.0428 -2.7027,-15.6233 -5.5875,-10.7361 -15.643,-16.3767 -29.1944,-16.3767 -13.6021,0 -23.6499,5.3308 -30.1576,16 -9.2872,15.2261 -8.325,38.6549 2.151,52.3748 8.2136,10.7571 25.4962,15.3662 41.7466,11.1335 z m -30.91,-50.7419 c 1.7803,-8.9013 10.1584,-15.3519 18.8541,-14.5163 7.7124,0.741 12.7631,5.691 14.2849,13.9999 l 0.6869,3.75 h -17.2363 -17.2363 z m -480.31559,9.9836 c 0.0446,-22.1375 0.15712,-42.05 0.25,-44.25 l 0.16888,-4 15.34983,-0.5 15.34982,-0.5 0.15018,-7.7392 c 0.10929,-5.6325 -0.21235,-7.8782 -1.18162,-8.25 -0.73248,-0.2809 -18.83641,-0.5108 -40.23095,-0.5108 h -38.89916 l -0.57517,2.2917 c -0.31634,1.2604 -0.43742,4.9729 -0.26905,8.25 l 0.30612,5.9583 15.25,0.2761 15.25,0.276 v 43.8073 c 0,24.094 0.3,44.1073 0.66667,44.4739 0.36666,0.3667 4.64166,0.6667 9.5,0.6667 h 8.83333 z m 127.41888,-14.25 v -54 h -9 -9 l -0.25994,53 c -0.14297,29.15 -0.0378,53.5801 0.23365,54.2892 0.3631,0.9484 2.811,1.2127 9.25994,1 l 8.76635,-0.2892 z m 37.5,34.7979 0.5,-19.2022 14.87295,19.4522 14.87296,19.4521 h 9.818 c 5.4813,0 10.0917,-0.4427 10.4375,-1.0022 0.3407,-0.5513 -6.6295,-10.2737 -15.4892,-21.6054 -8.85976,-11.3317 -15.97444,-20.9646 -15.81042,-21.4064 0.16401,-0.4418 6.59821,-7.6488 14.29822,-16.0156 7.7,-8.3667 14.15,-15.6078 14.3333,-16.0913 0.1834,-0.4835 -4.3965,-0.8791 -10.1774,-0.8791 -10.10373,0 -10.58923,0.1 -12.53751,2.5766 -1.11471,1.4171 -7.10988,8.4245 -13.32258,15.5718 l -11.29582,12.9952 -0.5,-31.3218 -0.5,-31.3218 -7.8448,-0.2938 c -4.92306,-0.1843 -8.36815,0.1406 -9.25,0.8725 -1.17441,0.9747 -1.4052,9.8233 -1.4052,53.8771 0,28.991 0.31619,53.0271 0.70264,53.4135 0.38646,0.3865 4.54896,0.574 9.25,0.4167 l 8.54736,-0.286 z m 99.76041,-25.0479 0.2604,-44.25 h 15.53 15.5301 l -0.2905,-8.25 -0.2904,-8.25 h -40 -40 l -0.2904,8.25 -0.2905,8.25 h 15.0405 15.0404 v 43.3 c 0,33.0356 0.2929,43.5929 1.2355,44.5355 0.8367,0.8367 3.9837,1.1434 9.75,0.95 l 8.5145,-0.2855 z m 67.9251,-116.4243 c 1.9841,-1.8639 2.3145,-3.1559 2.3145,-9.0497 0,-8.24297 -1.6466,-11.90587 -6.3571,-14.14117 -2.9824,-1.4152 -8.0927,-1.6348 -38.044,-1.6348 h -34.5989 v -31.7897 -31.7898 l 10.4808,-1.6626 c 49.9302,-7.9203 92.9685,-44.349 109.0723,-92.3214 5.5856,-16.6391 6.5832,-24.5623 7.1545,-56.8195 0.3712,-20.9559 0.1877,-31.0231 -0.6142,-33.6997 -2.9936,-9.9917 -17.0279,-11.1624 -21.8287,-1.8209 -0.8801,1.7126 -1.2395,9.4546 -1.25,26.9298 -0.01,13.4895 -0.4816,28.3395 -1.0524,33 -6.389,52.175 -45.4316,92.7628 -96.6588,100.4843 -57.023,8.5951 -111.18446,-24.1328 -128.6914,-77.7638 -4.48276,-13.7326 -5.61211,-24.0555 -5.61211,-51.2979 0,-13.8593 -0.28666,-26.6321 -0.63702,-28.3839 -0.35036,-1.7518 -1.95998,-4.508 -3.57692,-6.125 -2.41929,-2.4193 -3.77231,-2.9399 -7.64048,-2.9399 -5.32146,0 -8.4583,1.7703 -10.65129,6.011 -2.13493,4.1285 -2.12385,54.2066 0.0151,68.489 8.85812,59.147 56.11355,106.9153 115.00972,116.2579 l 10.4809,1.6626 v 31.7898 31.7897 h -35.35213 c -35.14341,0 -35.37209,0.014 -38.73543,2.28 -4.91153,3.3099 -6.04469,6.1294 -5.66293,14.09027 0.56247,11.7294 -9.012,10.6297 92.54679,10.6297 h 87.5748 z m -70.8624,-137.28847 c 19.5963,-4.1222 32.7314,-11.1572 46.747,-25.0372 18.6734,-18.4927 26.2852,-36.3493 28.0272,-65.75 l 0.6962,-11.75 h -17.1964 c -18.1759,0 -21.8221,-0.7491 -24.0675,-4.9446 -1.3184,-2.4635 -1.3184,-6.6473 0,-9.1108 2.2279,-4.1627 5.9314,-4.9446 23.4207,-4.9446 h 16.5497 v -9 -9 h -17.9442 c -17.5272,0 -18.0095,-0.056 -20.75,-2.4134 -2.402,-2.0661 -2.8058,-3.1582 -2.8058,-7.5884 0,-4.232 0.4301,-5.5232 2.3608,-7.0865 2.1331,-1.7274 4.134,-1.9117 20.75,-1.9117 h 18.3892 v -9.5 -9.5 h -18.0455 c -17.826,0 -18.0753,-0.03 -20.5,-2.4545 -1.6611,-1.6612 -2.4545,-3.5741 -2.4545,-5.9183 0,-8.7129 2.2745,-9.6272 23.9503,-9.6272 h 17.0497 v -9 -9 h -16.0321 c -17.0868,0 -21.8046,-0.9578 -23.8874,-4.8496 -1.7818,-3.3294 -1.2791,-8.31006 1.0938,-10.83586 2.1201,-2.2568 2.6334,-2.3145 20.5879,-2.3145 h 18.4136 l -0.7057,-4.25 c -1.2692,-7.6429 -5.4251,-20.717 -8.5975,-27.0466 -11.0676,-22.0822 -30.0651,-37.3615 -56.3726,-45.3392 -8.3333,-2.527 -10.3333,-2.7325 -27,-2.7741 -15.6405,-0.039 -19.1142,0.2525 -26.5,2.2246 -11.0696,2.9557 -26.82751,10.8233 -34.974,17.462 -16.69302,13.6033 -28.18994,33.8221 -31.54352,55.4733 l -0.65829,4.25 h 17.65364 c 9.7657,0 18.48212,0.4434 19.50782,0.9923 2.5364,1.3575 4.32165,7.07276 3.15912,10.11366 -0.50339,1.3167 -1.91288,3.294 -3.13219,4.394 -2.01158,1.8147 -3.8748,2.029 -20.11476,2.3131 l -17.89783,0.3132 v 8.9368 8.9369 h 17.94424 c 17.48665,0 18.0152,0.061 20.72727,2.3939 3.65903,3.1473 3.91978,9.4577 0.53103,12.8511 -2.1301,2.1329 -3.23863,2.2821 -20.47728,2.755 l -18.22526,0.5 -0.28753,9.25 -0.28752,9.25 h 18.58298 c 18.39674,0 18.60758,0.025 21.03752,2.4546 3.84856,3.8485 3.09147,11.77 -1.45879,15.2636 -1.10826,0.8509 -7.01387,1.2273 -19.58666,1.2485 l -18,0.03 v 8.7515 8.7515 l 17.83444,0.5 17.83444,0.5 2.91556,3.2658 c 3.32437,3.7237 3.62881,6.2182 1.25029,10.2447 -2.64333,4.4748 -5.07126,4.9895 -23.53611,4.9895 h -17.10726 l 0.65464,12.25 c 1.02347,19.1518 4.48839,31.7493 12.44599,45.25 13.87004,23.5317 35.56142,38.9339 63.30832,44.9528 8.6,1.8655 28.0433,1.9102 36.7228,0.084 z" /></g></g></g></svg>
